1.
S 1 0 1 1 1 1 1 0 0
0 0 0 0 0 0 0 1 1 0
1 0 1 1 1 0 0 0 1 0
1 0 1 0 0 0 0 1 1 0
1 0 1 0 G 0 1 1 0 0
1 0 1 0 1 0 0 0 0 1
0 0 0 0 1 1 1 0 0 0
0 1 0 0 1 0 0 0 1 0
0 1 1 1 1 0 1 1 1 0
0 0 0 0 1 0 0 0 1 1
2.
S 0 0 1 1 1 1 1 0 1
0 1 1 0 0 0 0 1 0 1
0 0 1 0 1 0 0 0 0 0
1 0 0 0 1 1 1 0 1 0
1 0 1 0 1 G 1 1 1 0
1 1 1 0 1 0 0 0 1 0
1 0 0 0 1 0 1 0 0 1
1 1 0 0 1 0 1 0 1 1
0 0 0 1 1 0 1 1 1 0
1 1 0 0 0 0 0 0 0 0
3.
S 1 0 1 1 1 1 1 0 1
0 0 0 0 1 0 0 1 1 1
1 0 1 1 1 0 0 0 0 0
1 0 0 0 1 0 1 0 1 0
1 0 1 0 1 0 1 0 1 0
1 1 1 0 1 G 1 0 1 1
1 0 0 0 1 1 1 0 0 1
1 1 0 0 1 0 1 0 0 1
0 0 0 1 1 0 1 1 0 0
1 1 0 0 0 0 0 0 0 1
4.
S 1 0 1 1 1 1 1 0 1
0 0 0 0 0 0 0 1 0 1
1 0 1 1 1 0 0 0 0 0
0 0 0 0 1 1 1 0 1 0
1 0 1 0 1 G 1 1 1 0
1 0 1 0 1 0 0 0 1 1
0 0 0 0 1 1 1 0 0 1
0 1 0 0 0 0 0 0 1 1
0 1 1 0 1 0 1 0 0 0
1 1 0 0 1 0 0 0 1 0
5.
S 0 0 0 1 1 0 0 0 1
0 1 1 0 0 0 0 1 0 1
0 0 1 1 1 0 0 0 0 0
1 0 0 0 1 1 1 0 1 0
1 0 1 0 1 G 1 1 1 0
1 1 1 0 1 0 0 0 0 0
1 0 0 0 1 1 1 0 0 1
1 0 0 0 1 0 0 0 1 1
0 0 1 0 1 0 1 1 1 0
1 1 1 0 1 0 0 0 0 0
6.
S 1 0 1 1 1 1 1 0 1
0 0 0 0 0 0 0 1 0 1
1 0 1 1 1 0 0 0 0 0
1 0 0 0 1 1 1 0 1 0
1 0 1 0 1 G 1 0 0 0
1 1 1 0 1 0 0 0 1 1
0 0 0 0 1 1 1 0 0 1
0 1 1 0 1 0 0 0 1 1
0 0 1 0 1 0 1 0 1 0
1 0 0 0 0 0 1 0 0 0
7.
S 0 0 1 1 1 1 1 0 0
0 1 0 0 0 0 0 1 1 0
0 0 0 1 1 0 0 0 0 0
1 0 0 0 1 0 1 0 1 0
1 0 1 0 0 0 1 1 1 0
1 1 1 0 1 G 0 0 1 1
0 0 0 0 1 1 1 0 0 1
0 1 0 0 1 0 1 0 1 1
0 1 1 0 0 0 0 0 0 0
1 1 0 0 0 0 1 0 1 1
8.
S 1 1 0 1 1 1 1 0 0
0 0 1 0 0 0 0 1 0 0
1 0 1 0 1 0 0 0 0 0
1 0 0 0 1 1 1 0 1 0
1 0 1 0 1 G 1 1 1 0
1 0 1 0 1 0 0 0 1 1
0 0 0 0 1 1 1 0 0 0
0 1 0 0 0 0 0 0 1 0
0 1 0 1 1 0 1 1 1 0
1 1 0 0 0 0 1 0 0 0
9.
S 0 0 0 1 1 1 1 0 1
0 1 1 0 0 0 0 1 0 1
0 0 1 1 1 0 0 0 0 0
1 0 0 0 1 1 1 0 1 0
1 0 1 0 0 0 1 0 1 0
1 1 1 0 G 0 0 0 1 1
0 0 0 0 1 0 1 0 0 1
0 1 0 0 1 0 1 0 0 1
0 1 1 1 1 0 1 1 0 0
1 1 0 0 0 0 1 0 0 1
10.
S 0 0 0 1 1 1 1 0 1
0 1 1 0 0 0 0 0 0 1
0 0 1 1 1 0 0 0 1 1
1 0 0 0 1 1 1 0 1 0
0 0 1 0 1 G 1 0 0 0
0 1 1 0 1 0 0 0 1 1
0 0 0 0 1 1 1 0 0 0
0 1 0 0 0 0 0 0 1 0
0 1 1 1 1 0 1 0 1 0
1 1 G 0 0 0 1 0 1 1
11.
S 1 0 1 1 1 1 1 0 1
0 1 1 0 0 0 0 1 0 1
0 0 0 0 1 0 0 0 0 0
1 0 0 0 1 1 1 0 1 0
1 0 1 0 1 G 1 1 1 0
1 1 1 0 1 0 0 0 1 0
1 0 0 0 1 1 1 0 1 1
1 1 0 0 1 0 0 0 1 1
0 1 1 0 0 0 1 0 0 0
0 0 0 0 1 0 1 0 1 1
12.
S 0 0 0 1 1 1 1 0 1
0 1 1 0 0 0 0 0 0 1
0 0 1 1 1 0 0 0 1 0
1 0 0 0 1 1 1 0 1 0
1 0 1 0 1 G 0 0 0 0
1 1 1 0 1 0 0 0 0 0
1 0 0 0 1 1 1 0 0 1
1 1 0 0 1 0 0 0 1 1
0 0 0 1 1 0 1 0 0 0
1 1 0 0 0 0 1 0 1 1
13.
S 0 0 0 1 1 0 0 0 1
0 1 1 0 0 0 0 1 1 1
0 0 1 1 1 0 0 0 1 0
1 0 1 0 1 1 1 0 0 0
1 0 1 0 G 0 1 0 1 0
1 1 1 0 1 0 1 0 1 1
1 0 0 0 1 1 1 0 0 1
1 0 0 0 0 0 0 0 0 1
0 0 1 1 1 0 1 1 0 0
1 0 0 0 1 0 0 0 0 1
14.
S 1 0 0 1 1 0 0 0 1
0 0 0 0 0 0 0 1 1 1
1 0 1 1 1 0 0 0 0 0
1 0 0 0 1 1 1 1 1 0
1 0 1 0 1 G 0 1 1 0
1 1 1 0 1 0 0 0 1 0
0 0 0 0 1 1 1 0 0 0
0 1 0 0 1 0 1 0 1 1
0 1 1 0 1 0 0 0 0 0
0 1 0 0 1 0 1 0 1 1
15.
S 0 0 0 1 1 1 1 0 1
0 0 1 0 0 0 0 1 0 1
1 0 1 1 1 0 0 0 0 0
1 0 0 0 1 0 1 0 1 0
1 0 1 0 1 1 1 1 1 0
1 1 1 0 1 G 0 0 1 1
1 0 0 0 0 0 1 0 0 1
1 1 0 0 1 0 1 0 1 1
0 0 0 1 1 0 0 0 0 0
1 1 0 0 1 0 0 0 1 1
16.
S 1 0 1 1 1 1 0 0 1
0 0 0 0 0 0 0 0 1 1
1 0 1 1 1 0 0 0 1 0
1 0 0 0 1 1 1 0 0 0
1 0 1 0 1 1 1 1 1 0
1 1 0 0 1 G 0 0 1 1
0 0 0 0 1 1 1 0 0 1
0 1 0 0 0 0 0 0 0 1
0 0 0 1 1 0 1 1 0 0
1 1 0 0 0 0 1 0 0 1
17.
S 1 0 0 1 1 1 0 0 0
0 1 1 0 0 0 0 0 1 0
0 0 1 1 1 0 0 0 1 0
1 0 0 0 0 0 1 0 1 0
1 0 1 0 1 1 1 1 1 0
1 1 1 0 1 G 0 0 1 0
1 0 0 0 1 1 1 0 0 0
1 1 0 0 0 0 1 0 1 0
0 1 1 0 1 0 1 1 1 0
0 0 0 0 1 0 0 0 1 1
18.
S 0 0 0 1 1 1 1 0 1
0 1 1 0 0 0 0 0 0 0
0 0 1 1 1 0 0 0 1 0
1 0 1 0 1 1 1 0 1 0
1 0 1 0 G 0 1 0 1 0
1 1 1 0 1 0 0 0 1 1
0 0 0 0 1 1 1 0 0 1
0 1 0 0 0 0 1 0 1 1
0 1 0 1 1 0 1 0 1 0
0 1 0 0 1 0 0 0 0 0
19.
S 0 0 0 1 1 1 1 0 0
0 0 1 0 0 0 0 1 1 0
1 0 1 1 1 0 0 0 1 0
1 0 0 0 1 1 1 0 0 0
1 0 1 0 0 G 1 0 1 0
1 1 1 0 1 0 0 0 1 1
1 0 0 0 1 0 1 0 0 1
1 1 0 0 1 0 1 0 0 1
0 0 0 1 1 0 1 1 0 0
1 1 0 0 0 0 0 0 0 1
20.
S 1 0 1 1 1 0 0 0 1
0 0 0 0 0 0 0 1 1 1
1 0 1 1 1 0 0 0 0 0
1 0 1 0 1 1 1 0 1 0
0 0 1 0 0 0 1 1 1 0
1 0 1 0 G 0 0 0 1 1
1 0 0 0 1 0 1 0 0 0
1 1 0 0 0 0 1 0 1 1
0 0 0 1 1 0 1 0 1 0
1 1 0 0 1 0 0 0 0 0
21.
S 1 0 1 1 1 0 0 0 1
0 0 1 0 0 0 0 1 1 1
1 0 1 1 1 0 0 0 1 0
1 0 0 0 1 1 0 0 0 0
1 0 1 0 1 1 1 0 1 0
1 1 1 0 1 G 0 0 1 1
0 0 0 0 1 1 1 0 0 1
0 1 0 0 1 0 1 0 1 1
0 1 1 0 1 0 1 0 0 0
1 1 0 0 0 0 0 0 1 1
22.
S 0 0 1 1 1 1 1 0 1
0 1 0 0 0 0 0 0 0 0
1 0 0 1 1 0 0 0 1 0
1 0 0 0 1 1 1 0 1 0
1 0 1 0 1 1 1 1 1 0
1 0 1 0 1 G 0 0 1 1
1 0 0 0 1 0 1 0 0 1
1 1 0 0 0 0 0 0 1 1
0 0 0 1 1 0 1 0 0 0
1 1 0 0 1 0 1 0 1 1
23.
S 1 0 1 1 1 1 1 0 0
0 0 0 0 0 0 0 1 1 0
1 0 1 1 1 0 0 0 0 0
1 0 0 0 1 1 1 0 1 0
1 0 1 0 1 0 1 1 1 0
1 1 1 0 1 G 0 0 1 1
1 0 0 0 1 1 1 0 0 0
0 0 0 0 0 1 0 0 1 0
0 1 1 1 0 1 1 0 1 0
1 1 0 0 0 0 0 0 1 1
24.
S 1 0 1 1 1 1 1 0 1
0 0 0 0 0 0 0 1 0 1
0 0 1 1 1 0 0 0 0 0
0 0 0 0 0 0 1 0 1 0
1 0 1 0 1 1 1 1 1 0
1 1 1 0 1 G 0 0 1 0
1 0 0 0 1 1 0 0 0 0
1 1 0 0 0 0 0 0 0 1
0 0 0 1 1 0 1 1 0 0
1 1 0 0 1 1 1 0 1 1
25.
S 0 1 1 0 1 1 1 1 1
1 0 0 1 0 1 0 0 1 0
1 1 0 0 0 1 1 0 0 0
0 1 0 1 0 0 0 0 1 0
1 1 0 1 0 1 1 0 1 1
0 0 0 1 G 1 0 0 0 1
0 1 1 1 1 1 0 0 1 1
0 1 0 0 0 0 0 1 1 0
0 1 1 0 0 1 0 0 0 0
0 0 1 1 1 1 0 1 1 1
26.
S 1 1 1 1 1 1 1 1 1
0 0 0 0 0 0 0 0 0 0
1 0 0 1 0 1 0 1 1 0
1 1 1 0 0 1 0 0 1 1
0 0 0 0 1 1 1 0 0 1
1 1 1 0 1 G 1 0 0 1
1 0 0 0 1 0 1 0 1 1
1 0 0 1 1 0 1 0 1 0
1 1 0 1 0 0 0 0 0 0
0 0 0 1 1 1 1 1 1 1
27.
S 1 1 1 0 1 1 1 1 1
0 0 0 0 0 0 1 0 0 1
1 1 1 1 0 1 1 1 0 1
1 0 0 0 0 0 0 0 0 1
1 0 1 1 1 1 1 1 0 1
0 0 0 0 G 0 0 1 0 1
1 1 0 0 1 1 0 1 0 1
0 1 0 1 1 0 0 0 0 1
0 0 0 0 1 1 0 1 0 1
1 1 1 1 1 0 0 1 0 1
28.
S 0 0 0 1 1 1 1 0 1
1 0 1 0 0 1 0 0 0 1
0 0 1 0 0 1 0 1 0 1
1 0 1 1 1 1 0 1 0 0
1 0 0 0 1 0 0 1 0 1
1 1 0 1 1 G 1 0 0 1
0 0 0 0 1 1 1 0 1 1
1 1 1 0 1 0 1 0 1 0
1 0 0 0 0 0 0 0 0 0
1 0 1 1 1 1 0 1 1 1
29.
S 1 0 1 0 1 1 0 0 1
0 0 0 0 0 0 1 1 0 1
1 1 0 1 1 0 0 1 0 0
0 0 0 0 1 1 0 1 0 1
1 1 1 0 1 G 0 0 0 1
1 0 0 0 1 1 1 1 0 1
0 0 0 0 1 0 0 0 0 1
0 1 1 0 1 0 1 1 1 1
0 0 1 0 0 0 0 0 0 1
1 1 1 1 1 1 0 1 1 1
30.
S 0 0 1 1 1 0 1 1 1
1 1 0 0 0 0 0 0 0 1
0 0 0 0 1 1 1 1 1 1
1 0 1 1 0 0 1 0 0 0
1 0 0 1 0 G 1 1 0 1
0 0 0 1 0 1 1 0 0 1
1 0 1 1 0 0 0 0 0 1
1 0 1 0 0 1 0 1 0 1
1 0 0 0 1 1 0 1 0 1
1 1 1 0 0 0 0 1 1 1
31.
S 0 1 1 1 0 1 0 1 0
1 0 0 0 0 0 0 0 0 0
1 1 1 0 1 0 1 0 1 1
1 0 1 0 1 1 1 0 0 1
1 0 1 0 1 G 1 1 0 1
0 0 1 0 1 0 0 0 0 1
0 1 1 0 0 0 1 1 1 1
0 1 0 0 1 1 1 0 0 1
0 0 0 1 1 0 0 0 0 1
1 1 0 0 0 0 1 1 1 1
32.
S 0 1 1 1 1 1 1 1 1
1 0 0 0 0 0 1 0 0 0
0 0 1 1 1 0 1 0 1 0
1 0 0 0 1 0 1 0 1 1
1 0 0 1 1 0 1 0 0 0
1 0 1 1 G 0 0 0 0 1
1 0 1 1 1 1 1 1 0 1
0 0 0 0 0 1 0 1 1 1
1 1 1 1 0 0 0 0 0 0
G 0 0 0 0 1 0 1 1 1
33.
S 1 0 0 1 1 1 0 1 1
0 1 1 0 1 0 0 0 0 0
0 0 0 0 1 0 0 0 1 0
1 1 0 0 0 0 1 0 1 0
0 0 0 1 1 1 1 0 1 0
1 1 1 1 G 0 1 0 1 0
1 0 0 1 0 0 0 0 1 0
1 0 1 1 1 0 1 0 1 1
1 0 0 0 0 0 1 0 0 0
1 1 1 0 1 1 1 1 1 1
34.
S 1 1 0 0 0 1 1 1 1
0 0 0 0 1 0 0 1 0 1
1 0 1 0 1 1 0 0 0 1
1 0 1 0 1 0 1 1 0 0
1 0 0 0 1 G 1 1 0 1
1 1 1 0 0 0 0 0 0 1
1 0 0 0 0 1 1 1 0 1
1 0 0 1 1 1 0 1 0 1
0 0 1 1 0 1 0 0 0 1
1 1 1 0 0 0 0 1 1 1
35.
S 0 1 1 1 1 1 1 0 1
0 0 0 0 1 0 0 1 0 1
0 1 1 0 0 0 0 0 0 1
0 0 1 1 1 0 0 0 1 1
1 0 1 0 1 0 1 1 1 0
1 1 1 0 G 0 0 0 1 0
1 0 0 0 0 0 0 0 0 0
0 0 1 1 0 1 1 0 1 0
1 1 1 0 0 0 1 0 1 0
1 0 0 0 1 1 1 1 1 1
36.
S 0 1 1 1 1 1 0 1 1
0 0 0 0 0 0 1 0 0 0
1 1 0 1 0 0 1 0 0 1
1 0 0 1 1 1 1 0 1 1
1 0 0 0 0 G 1 0 0 0
1 0 1 0 1 1 1 0 1 0
0 0 1 0 1 0 0 0 1 1
1 0 0 0 1 0 1 0 0 1
1 0 1 0 1 0 1 1 0 1
1 1 1 0 0 0 0 1 1 1
37.
S 0 1 1 1 0 1 1 1 1
1 0 1 0 0 0 1 0 0 1
0 0 0 0 1 0 1 0 0 1
1 1 0 1 1 1 1 0 0 1
0 1 0 1 G 0 1 1 0 1
0 1 0 1 1 0 0 0 0 1
0 0 0 0 0 0 0 1 0 1
1 1 0 1 0 1 0 0 0 1
1 0 0 1 0 0 0 1 0 1
1 1 0 1 1 1 0 1 0 0
38.
S 0 1 1 1 0 1 0 1 1
1 0 1 0 1 0 1 0 0 0
0 0 0 0 0 0 0 0 1 1
1 1 1 1 1 1 1 0 0 0
0 0 0 0 0 G 1 0 0 1
1 1 0 1 0 1 1 1 0 1
1 0 0 1 1 1 0 0 0 0
0 0 0 0 0 0 0 0 1 1
1 0 0 1 0 1 0 1 1 0
1 1 1 1 0 1 0 0 0 0
39.
S 0 0 0 1 1 0 0 0 1
1 1 1 0 0 1 1 1 0 1
0 0 1 0 0 0 0 0 0 1
1 0 1 1 1 1 1 0 0 1
1 0 0 0 1 G 0 0 0 1
1 0 1 1 1 0 0 1 0 0
1 1 1 0 1 0 1 1 0 1
1 0 0 0 1 1 1 0 0 1
1 0 1 0 0 0 0 0 0 1
1 1 1 1 1 0 1 1 1 1
40.
S 1 0 1 0 0 0 0 1 1
0 0 0 1 1 1 1 0 0 1
0 1 0 1 0 0 0 0 0 1
0 1 0 1 0 1 1 1 0 0
0 1 0 1 0 G 1 0 0 1
1 1 0 1 1 0 1 0 1 1
1 0 0 0 1 0 0 0 0 1
1 1 1 0 1 1 1 1 0 1
G 0 0 0 0 0 0 0 0 1
1 1 1 0 1 1 1 1 0 1
41.
S 0 1 1 1 0 1 G 0 0
0 0 1 0 1 0 1 1 1 0
0 0 0 0 1 0 0 0 0 0
1 1 1 0 1 1 1 0 0 1
1 0 1 0 1 0 0 0 1 1
1 0 0 0 0 G 1 0 0 0
1 0 1 1 1 1 1 0 1 0
1 0 1 0 0 1 0 0 1 1
1 0 0 0 0 1 1 0 0 1
1 1 1 1 0 0 1 1 1 1
42.
S 1 1 1 0 1 1 1 1 1
0 0 0 1 0 0 0 0 0 1
0 1 0 0 0 1 0 0 0 1
1 1 0 1 1 1 1 1 0 1
1 0 0 0 0 G 1 0 0 0
1 0 1 0 0 1 1 1 1 1
1 0 1 1 1 1 0 0 0 1
1 0 1 0 0 0 0 1 0 1
1 0 0 0 1 0 1 1 0 1
1 1 1 0 0 0 0 1 1 1
43.
S 0 0 1 1 1 0 0 0 1
0 1 0 0 0 1 1 1 0 1
0 1 0 1 0 0 1 0 0 1
0 0 0 1 1 1 1 0 1 1
1 0 0 0 0 0 0 0 0 0
1 1 1 0 G 1 1 0 1 1
1 0 1 0 1 1 0 0 0 1
1 0 0 0 0 0 0 0 1 1
1 0 1 0 1 0 1 0 0 0
1 0 1 0 1 1 1 1 0 1
44.
S 0 1 0 0 0 1 0 1 1
1 0 0 0 1 0 0 0 0 0
0 0 1 0 1 1 0 1 0 1
0 0 0 1 1 1 0 0 0 1
1 1 1 1 G 1 1 1 0 1
1 0 1 0 0 1 1 0 0 0
1 0 0 0 0 0 1 1 0 1
1 0 1 1 1 0 0 1 0 1
0 0 0 0 1 0 0 0 0 1
1 1 1 1 1 1 1 1 0 1
45.
S 1 0 0 0 0 0 1 1 1
0 1 1 1 0 1 1 1 0 0
0 0 0 0 0 0 0 1 0 1
0 1 0 1 1 0 0 0 0 0
1 1 0 0 1 1 1 0 1 1
1 0 0 0 1 G 0 0 0 0
1 1 0 0 1 0 1 0 0 1
0 1 1 0 1 0 1 1 0 1
0 0 0 0 1 0 0 1 0 1
1 1 1 0 1 1 1 1 1 1
46.
S 1 0 1 1 1 1 0 0 0
0 0 0 1 0 0 0 0 1 1
0 1 0 0 0 1 1 0 0 1
1 1 0 1 1 1 0 0 1 1
0 0 0 0 1 1 1 0 1 0
1 1 0 0 1 G 0 0 0 0
0 1 1 0 1 1 1 0 0 1
0 0 1 0 1 0 1 0 1 1
1 0 0 0 0 0 0 0 0 0
1 1 1 1 0 1 1 0 1 1
47.
S 0 1 1 1 0 1 0 0 1
1 0 0 0 1 0 0 0 1 1
1 1 1 0 0 0 1 0 1 0
0 0 0 0 1 1 1 0 0 0
1 1 0 1 1 G 0 0 1 0
0 1 0 0 1 1 1 0 1 1
0 1 1 0 1 0 1 0 0 0
0 0 1 0 0 0 0 0 1 0
1 0 1 0 1 0 0 0 1 1
1 0 0 0 1 1 1 0 0 1
48.
S 0 0 0 0 0 1 0 1 1
0 1 1 0 0 1 1 0 1 0
0 0 0 0 1 1 0 0 0 0
1 0 1 0 0 0 0 1 1 1
1 0 0 0 G 1 0 0 0 0
1 1 0 1 1 0 0 1 1 1
1 0 0 0 1 1 0 0 0 1
0 0 1 0 0 1 1 1 0 1
1 0 1 1 0 0 0 0 0 1
1 0 0 1 1 0 1 1 1 1
49.
S 0 0 1 1 1 1 0 0 1
0 0 1 1 0 0 1 1 0 1
1 0 0 0 0 0 0 0 0 0
1 0 0 1 1 1 1 0 1 0
1 1 1 1 0 G 1 0 1 1
1 0 0 1 0 1 1 0 0 1
1 0 0 1 0 0 0 0 1 1
1 0 0 1 0 1 0 1 1 0
0 0 0 0 0 1 0 0 0 0
1 1 1 1 1 1 0 1 1 1
50.
S 0 0 0 1 1 1 0 0 1
1 1 0 1 1 0 1 1 0 1
0 1 0 1 0 0 0 0 0 1
0 0 0 0 0 0 0 1 1 1
1 0 0 0 1 1 0 0 0 0
1 0 1 1 1 G 0 1 1 1
0 0 1 0 0 0 1 1 G 0
1 0 1 0 1 0 1 0 1 0
1 0 0 0 0 0 0 0 0 0
1 1 1 1 0 1 1 0 1 1
51.
S 1 0 0 0 0 1 1 1 1
0 0 0 1 1 1 1 0 0 1
1 1 0 1 0 0 1 0 0 1
1 0 0 0 0 1 1 0 0 1
1 0 1 1 1 0 0 0 1 1
1 0 0 1 G 0 1 0 0 0
1 0 1 1 1 0 1 0 1 0
0 0 0 0 0 0 0 0 1 1
1 0 0 1 1 1 1 0 0 1
1 0 1 1 0 0 0 0 1 1
52.
S 1 1 0 0 1 1 1 1 1
0 0 1 1 0 0 0 0 0 1
1 0 1 1 1 0 1 1 0 1
1 0 1 0 0 0 0 0 0 0
1 0 1 0 1 G 0 1 0 1
1 0 0 0 1 1 1 1 0 1
1 1 0 1 1 0 0 0 0 1
0 0 0 0 0 0 1 0 1 0
0 1 0 1 1 0 1 0 1 1
1 1 0 0 1 1 1 0 0 1
53.
S 0 1 1 1 1 0 0 1 1
1 0 0 0 0 1 1 1 1 0
1 1 1 1 0 0 0 0 0 0
0 0 0 0 0 1 0 1 1 0
1 0 1 1 1 1 0 0 0 1
1 0 0 0 0 G 0 0 0 1
0 0 1 1 0 1 1 1 0 1
1 0 0 1 1 1 0 0 0 1
1 0 0 1 0 0 0 1 0 1
1 1 0 0 0 1 0 1 1 1
54.
S 1 0 1 1 1 0 0 0 1
0 0 0 0 0 1 1 1 0 1
1 0 1 1 0 1 0 0 0 1
1 0 0 1 1 1 0 1 0 1
0 0 0 1 0 G 0 1 0 1
1 0 0 1 0 0 0 1 0 1
1 0 1 1 1 1 0 1 0 1
1 0 1 0 1 1 0 1 1 1
1 0 0 0 1 0 0 0 0 0
1 0 1 0 0 0 1 1 1 1
55.
S 0 1 1 0 0 0 0 0 G
1 0 0 0 0 1 1 0 1 1
1 1 0 1 0 1 0 0 0 1
0 1 0 1 1 1 0 0 0 1
0 0 0 0 1 G 0 1 0 0
1 1 0 1 1 1 1 1 0 1
0 1 0 0 0 1 0 0 0 1
0 0 0 1 1 1 1 1 0 1
1 1 0 0 0 0 0 0 0 0
1 0 0 1 1 1 1 1 1 0
56.
S 1 0 1 1 1 0 0 0 1
0 1 0 1 0 1 1 0 1 1
0 0 0 0 0 0 0 0 0 0
1 1 1 0 1 0 1 0 1 1
1 0 1 1 0 0 1 0 0 1
1 0 0 1 G 0 1 1 0 1
1 0 0 0 1 0 0 0 0 1
1 1 1 0 1 1 0 1 1 1
0 0 0 0 0 0 0 0 0 0
1 1 1 1 0 1 1 1 1 1
57.
S 1 1 1 0 0 0 0 0 1
0 0 0 1 1 0 1 0 1 1
1 1 0 0 1 0 1 0 0 0
0 0 0 0 0 0 1 1 1 0
0 1 0 1 1 1 0 0 1 1
1 1 0 1 G 1 1 0 0 1
1 0 0 0 0 0 1 0 0 1
1 0 G 0 1 0 1 0 0 1
1 0 0 0 1 0 1 0 1 1
1 1 1 1 1 0 0 0 0 0
58.
S 0 0 0 1 1 1 0 0 1
0 0 1 1 1 0 0 0 1 1
1 0 0 0 0 0 1 1 1 0
1 0 1 1 1 0 0 0 0 0
1 0 1 0 1 1 1 1 1 0
0 0 0 0 1 G 1 1 0 1
0 1 1 0 1 0 1 0 0 1
0 1 0 0 1 0 1 1 0 1
1 1 1 0 0 0 0 0 0 1
G 0 0 0 1 1 1 0 1 1
59.
S 1 0 0 0 0 1 1 1 1
0 1 1 1 1 0 0 0 0 1
0 0 0 0 0 0 1 1 1 1
1 1 1 1 1 0 0 0 0 0
0 1 1 0 0 0 0 1 1 1
0 0 0 0 G 1 0 1 0 1
1 1 0 0 1 0 0 0 0 1
1 0 0 1 1 0 1 1 1 1
1 0 0 0 0 0 0 0 0 0
1 1 1 1 0 1 1 1 1 1
60.
S 0 1 1 0 1 1 1 1 1
1 0 0 1 0 0 0 0 0 0
1 1 0 1 1 1 1 0 1 1
0 0 0 0 0 0 0 0 1 0
1 0 1 1 1 1 0 1 1 1
1 0 0 0 0 G 0 0 0 1
1 1 1 0 1 1 1 1 0 1
1 0 0 0 1 0 0 0 1 1
1 0 1 0 1 1 1 1 1 0
1 1 1 0 1 0 0 0 1 1
61.
S 0 1 1 1 1 1 1 0 1
1 0 0 0 0 0 0 1 0 1
1 0 1 1 1 0 0 0 0 0
0 0 0 0 1 1 1 1 1 0
1 1 0 0 1 1 1 0 0 0
0 1 0 1 1 G 1 1 1 0
0 1 0 0 1 0 1 0 0 0
0 0 0 0 0 0 0 0 1 1
1 0 0 1 1 1 1 0 0 1
1 0 1 1 0 0 0 0 1 1
62.
S 1 0 0 0 1 1 1 0 1
0 0 0 0 1 1 0 1 0 1
1 0 1 0 1 0 0 0 0 1
1 0 1 0 0 0 0 1 1 1
1 0 1 0 1 1 0 1 0 1
1 0 0 0 0 G 1 1 0 1
1 1 0 1 0 0 0 0 0 1
0 0 0 0 0 1 1 1 1 1
1 1 0 1 0 0 0 0 1 0
1 0 0 0 1 1 1 1 1 1
63.
S 0 1 1 1 0 1 0 0 1
1 0 0 0 1 0 1 1 0 1
1 0 1 0 1 0 0 0 0 0
1 1 0 0 1 0 0 1 0 1
0 0 0 1 1 1 1 1 0 1
1 0 1 1 G 0 0 0 0 1
1 0 1 1 0 1 1 1 0 1
1 0 0 0 0 0 1 0 0 1
1 0 1 1 1 0 1 1 0 1
1 1 1 0 0 0 0 1 1 1
64.
S 0 0 0 1 1 1 1 1 1
1 0 1 1 1 0 0 0 0 1
1 0 1 0 1 1 1 0 1 1
1 0 1 0 0 0 0 0 0 0
1 0 0 0 1 1 1 1 1 1
1 1 1 0 1 G 0 0 0 1
0 0 0 0 0 0 1 1 0 1
1 0 1 0 1 1 0 0 0 1
1 0 0 0 0 0 0 1 0 1
1 1 1 1 1 0 1 1 1 1
65.
S 0 1 1 1 0 0 0 0 1
0 0 0 0 0 0 1 1 0 1
0 1 1 0 1 0 0 0 0 1
0 0 1 1 1 1 1 0 1 1
1 0 1 0 G 1 1 0 1 0
1 0 0 0 1 1 0 0 1 0
1 0 1 0 1 0 0 1 1 0
1 1 1 0 1 0 1 1 0 0
0 0 0 0 0 0 0 0 0 1
1 1 1 0 1 0 1 1 1 1
66.
S 1 1 0 1 0 1 1 1 1
0 0 1 0 0 0 0 0 0 1
1 0 1 0 1 1 1 1 0 1
1 0 0 0 0 0 0 0 0 1
1 1 0 1 1 1 0 1 1 1
0 0 0 1 G 1 1 1 0 0
1 1 0 0 0 0 0 0 0 1
1 0 0 0 1 1 1 0 0 1
1 1 0 1 1 0 0 0 1 1
0 0 0 0 0 0 1 0 0 0
67.
S 1 1 0 1 1 0 0 0 0
0 0 0 0 0 0 0 1 0 1
1 0 1 0 1 1 0 0 0 0
1 0 1 0 1 0 0 0 0 1
1 0 0 1 1 1 1 0 1 1
1 0 1 1 G 1 1 0 0 0
0 0 1 1 0 1 0 0 0 1
1 1 0 0 0 1 1 1 0 0
1 0 0 0 0 0 0 0 1 0
1 0 1 1 1 1 1 0 0 0
68.
S 0 0 0 0 0 0 1 1 1
1 1 1 0 1 1 0 0 0 1
0 0 0 0 0 1 1 1 0 1
1 0 1 1 0 0 0 0 0 1
1 0 0 0 1 1 1 0 1 1
1 1 0 1 1 G 1 0 1 0
0 0 0 0 0 0 1 0 1 0
1 1 0 1 1 0 0 0 0 0
1 0 0 0 0 0 0 1 1 1
1 1 1 1 0 1 0 0 0 0
69.
S 1 1 0 1 1 0 1 1 1
0 0 0 0 0 0 0 0 0 0
1 0 1 1 1 0 1 1 1 0
0 0 0 0 1 0 1 0 1 0
1 0 1 0 1 1 1 0 0 0
1 0 0 0 1 G 0 0 0 1
1 0 0 1 1 1 1 0 1 1
1 0 1 1 0 0 0 0 0 1
1 0 0 0 0 0 1 0 1 1
1 0 1 1 1 1 1 0 0 1
70.
S 0 1 1 1 1 1 0 1 1
1 0 1 0 0 0 0 0 0 0
1 0 0 0 1 1 1 0 1 1
1 0 1 0 1 1 1 0 0 0
1 0 0 0 1 G 1 1 1 0
1 0 1 0 1 0 1 0 1 1
0 0 1 0 1 0 0 0 0 1
1 1 0 0 1 1 0 1 0 1
1 0 0 0 0 0 0 1 0 1
1 1 1 1 1 1 0 0 0 1
71.
S 1 0 0 1 1 0 0 1 1
0 0 0 1 1 0 0 1 1 0
1 0 0 0 0 0 0 0 0 0
1 0 1 0 0 1 0 1 1 0
1 0 1 0 1 1 0 0 1 1
1 0 1 0 1 G 0 0 0 1
1 0 1 0 1 1 1 1 0 1
0 0 0 0 0 0 1 0 0 1
0 1 0 0 0 1 1 1 0 1
0 1 1 1 1 1 0 1 1 1
72.
S 0 0 0 0 1 1 1 1 1
0 0 1 1 0 1 0 0 0 1
1 0 0 1 0 1 0 1 0 1
1 0 1 1 0 0 0 0 0 1
1 0 1 0 0 1 1 0 0 1
1 0 1 0 0 G 1 0 1 1
0 0 1 0 1 1 1 0 1 0
0 1 1 0 1 1 0 0 0 0
0 1 0 0 1 1 0 1 1 1
1 1 1 1 1 0 0 0 0 1
73.
S 1 0 0 1 1 1 0 1 1
0 1 1 0 1 0 1 0 0 1
0 0 0 0 0 0 0 0 0 0
0 1 0 1 1 1 1 1 0 1
0 1 1 1 G 0 1 0 0 1
1 1 0 1 0 1 1 1 0 0
1 0 0 0 0 0 1 0 0 1
1 1 1 0 0 0 1 1 0 1
0 0 0 0 1 0 0 0 0 1
1 1 1 1 1 0 1 1 0 1
74.
S 0 1 1 1 1 0 1 1 1
1 0 0 0 0 0 0 0 0 1
1 0 1 1 1 0 1 1 1 1
1 0 0 0 0 0 0 0 0 1
0 0 0 1 1 1 1 1 0 1
0 0 0 1 G 0 0 0 0 1
1 0 0 1 1 1 0 1 1 1
1 0 0 0 0 1 0 1 0 0
1 1 0 1 1 1 0 1 0 1
0 1 0 0 1 0 0 0 0 1
75.
S 1 1 1 1 0 1 0 1 0
0 0 0 0 0 0 0 0 0 0
1 1 0 0 1 1 1 0 0 1
0 1 1 0 1 0 0 0 0 1
0 0 0 1 1 1 1 0 1 1
1 1 1 1 G 0 0 0 1 0
1 0 1 1 1 1 0 0 1 0
1 0 0 0 0 0 0 0 0 0
1 0 0 0 1 0 1 0 1 0
1 0 1 1 1 0 1 1 1 0



